iz = 0 
0.00 1.00 2.00 3.00 4.00 5.00 6.00 7.00 8.00 9.00 10.00 11.00 12.00 13.00 14.00 15.00 16.00 17.00 18.00 19.00 20.00 21.00 22.00 23.00 24.00 25.00 26.00 27.00 28.00 29.00 30.00 31.00 
iz = 0 
0.47 2.93 5.66 8.49 11.31 14.14 16.97 19.80 22.63 25.46 28.28 31.11 33.94 36.77 39.52 42.52 0.18 -0.00 -0.00 0.00 -0.00 -0.00 -0.00 0.00 -0.00 0.00 -0.00 -0.00 -0.00 -0.00 -0.13 0.61 
iz = 0 
1.82 8.28 16.02 24.00 32.00 40.00 47.79 56.23 0.38 0.03 -0.00 0.00 0.00 -0.00 -0.34 1.86 0.18 -0.00 -0.00 0.00 -0.00 -0.00 -0.00 0.00 -0.00 0.00 -0.00 -0.00 -0.00 -0.00 -0.13 0.61 
iz = 0 
5.53 23.36 44.72 68.53 0.86 0.09 -0.97 5.25 0.38 0.03 -0.00 0.00 0.00 -0.00 -0.34 1.86 0.18 -0.00 -0.00 0.00 -0.00 -0.00 -0.00 0.00 -0.00 0.00 -0.00 -0.00 -0.00 -0.00 -0.13 0.61 
iz = 0 
12.57 68.04 -0.56 15.45 0.86 0.09 -0.97 5.25 0.38 0.03 -0.00 0.00 0.00 -0.00 -0.34 1.86 0.18 -0.00 -0.00 0.00 -0.00 -0.00 -0.00 0.00 -0.00 0.00 -0.00 -0.00 -0.00 -0.00 -0.13 0.61 
